
0003
027967
0296
0717
09
09238409231480913284
104
18760086240
18760086246
18760217088
18780013380
18780021235
191
19370009616
19730009136
19730009594
19730009916
1973009163
2
20
202
2095
2109
22
23024
2363
24449537045774
24913
252676520028144
264
27251
32
350019049630201
350025974181243
350038441784457
350059638923591
350169642018823
3501800048255
350196694023757
350230970121553
350230973236911
350230975538728
350230976530443
350230977615276
350230979927422
350247152428044
350249441757480
350264528248328
350270052493330
350272672458453
350278024027409
350278026556389
350344891468322
350367272380303
350408484865846
350418055419998
350455774133336
350455778567174
350496304995505
350552893601530
350552896576341
350552898007873
350572412978086
350577192598574
350636590567381
350671525377135
350689751889144
350839531594007
350887743051654
35088986579925
350923388804337
351006199740582
351016090159006
351084399943637
351101750253834
351101756151594
35112102108566
35117477721195
351205581240124
351205740141759
351205740164702
351205741900807
351205742681323
351205745375915
351205745798025
351205747937779
35120574793779
351205748943701
351253189953664
351264787086047
351284081590783
351306992348280
351330881416677
351339860509485
35142179914814
351465642570501
351465644827966
351503400050470
351503402247645
351520705483289
351548866512357
351592243452233
351596240328544
351596246648317
351596247157557
351668140692723
351668140730168
351668142526739
351668144729893
351668145588454
351668147569627
351668147700842
351682570296095
351698471567244
351713518508703
351750724879288
351771405550451
351771409088771
351771409636900
351786564816337
351807178569383
351814335898119
351895491457790
351895497858892
351906511449970
351961171443417
352001995775691
352001996607349
352001997459930
352001998377479
352001999333984
352033763715583
352051682197220
352094671123856
352114954343441
352116262845892
352130217510063
352229491749619
352230462132793
352236852663529
352294449113888
352310725732009
352574671224184
352574671693388
352574671892816
352574675156523
352574675400509
352574676009796
352586507807406
352615457839263
352638936490615
352641353019966
352703945001967
352721813328486
352721817039972
352725357604046
352726622496929
352824462371275
352824489625845
352824562111135
352824562423886
352824562544798
352824563558946
352832408625648
352834111876179
352873836693105
352923110862460
352991115545133
35303611166370
353048093488114
353060104205916
353074114042706
35308210166173
353111887936779
353167663221083
353237102003044
353267568818502
353306207461637
353314497716249
353317874110720
353342880337604
353360940717383
353360948256186
353361731078373
353361737646116
353407733508683
353484624594932
353484626443138
353490929449011
353497859462096
353621842200996
353640981930528
353665909220967
353687476380990
353739723292955
353742532615895
353763614060768
353763617375619
353850628182660
353864164761936
353869220171228
353869220959541
353906102560167
353915106419593
353938647328032
353967811367765
353967814106970
354005106730246
354078643177411
354155259200412
354196713272654
354210975025310
354248589657888
354256834755639
354276355652528
354276355714955
354276357875838
354278704607005
354289632214376
354289632484698
354289633583902
354289633906715
354289638327115
354289639953000
354300587089588
354324413603719
354331121466651
354347187764201
354403794418663
354440895786747
354542503453857
354570357307499
354570359750878
354661674485405
354679846995259
354773167256449
354807372557538
354807376249710
354903621734992
354934250608587
354934259500629
354956977489959
354977708767778
354996269680378
355067542298807
355067542337324
355067542462973
355101476201071
355101476809873
355101477277286
355101479323146
355123373512780
355138326274957
355138328377576
355138329035488
355138329181332
355224258492153
355225773551647
355225774481521
355225777788922
355225779424203
355225779897630
355246654961952
355262962390305
355300181430419
355300182456355
355300185671927
355319547611678
355364280424731
355365665236921
355381840336221
355445520114743
355496932694525
355500350320222
355500351194584
355500351356910
355515605909702
355515607895768
355536442174276
355559516499759
355611223279998
35568866635102
355706423711715
355777918114145
355794422126853
355794428661143
355820203650330
355835400444618
355939491184461
355958936427210
355983889574156
355988219255368
355988219563654
355989441325235
355989444523158
355989444640671
355989445638435
356004167522577
356041402342004
356041406297774
356052832405030
356054491176662
356054492870941
356102153998111
356133317489721
356146774825724
35615721609444
356177152787459
356243696858256
356295601102623
356308860291019
3563088688131377
35634231095682
356342310956822
356371481303415
356371484863977
356371488105219
356427673422437
356460904622673
356484794319885
356511211655440
356541623888990
356572103379228
356581108114007
356599144317485
356649150793663
35665253990372
356661403706855
356661406078476
356682116877353
356684163986301
356697786132668
356703857557028
356744602694336
356744605708190
356752983703204
356752985194154
356758346462891
356760684778276
356814118803398
356815609092334
356827112692377
356839674078168
356839676778476
356864562003003
356864569095853
356911420294546
356942572731144
356942573789859
356964461952969
356964462417806
356964465740436
356964467452295
357003196809944
357014741019624
357061220988803
357158819908414
357173348275037
35717750667908
357177506679088
357205981616604
357205981829942
357205984783526
357205989970540
357234294533959
357247250248784
357247251305757
357247252989922
357247253990986
357247256152923
357247256875010
357247257122859
357247257394938
357247257477469
357247257649059
357247257710968
357247257803680
357247257995858
357247258431358
357247258811823
35724725890918
357247258909189
357247259485338
357275791173971
357275796919659
357275797266613
357329447631468
357329447819436
357395865324357
357397703170232
357442883839907
357457921078326
357457926697914
357463442372645
357590872352405
357590875015280
357590879692399
357592315867213
35762631919678
357626319666955
357650612874918
357650618525795
357679991655465
357679992297861
357712761232320
357769852580660
357773240801309
357879437816990
357879829564513
357884596142865
357920795494028
357938436579106
357950903092463
357977669432302
358071245002083
358074296851614
358187610315940
358206130759880
358206135981398
358245524573077
358245525252036
358257930308303
358264142105709
358264144532215
358282722955921
358388750991421
358434702268268
358434704613065
358434708144554
358434708446124
358434709486764
358543582779606
358594363316795
358619228350786
358637628310721
358640380782129
358684525276241
358691732646082
358736463822764
358736464505640
358748638760753
358835897106321
358835898948200
358835899539206
358862620187345
358876629642191
358964582664046
359014536509969
359069332647611
359178370047483
359178371574212
359178371686834
359178372430588
359178372863168
359178376352762
359222380475605
359222380985702
359222385905622
359222389367712
359285691157691
35928569296526
359285692965266
359330188973216
359370793687157
359372358367985
359372358546422
359372359613163
359388532621543
3594
359447961336435
359477633520876
359477633542185
359481988717053
359518870896865
359551273163864
359652120714477
359652120809905
359652121886894
359652122041986
359652123329802
359652126213217
359652126214217
359757420449029
359761973185063
359817430962252
359827481625484
35986788108129
359867882327710
359893876795381
359896928035433
359897655192066
359912580728338
359973613029086
359973613643894
359973613777577
360236730466835
368135794662306
37
4
402
40659
4244
4274
44
440466
4420
449
45
4515548
4596
461030058
46103058
4610408383
461232848
4617101789
4617101885
461720638
471992
533
534
53430
54001278899018
54210973599126
58035038
609
6095
6222
64500
655205501219
65577600619
65577604947
65577605147
655776400397
6696
693746514295
693856501514
7
71114501610
71114600360
7111502338
717
724
74909601625
762
767
7679993104397
7799
7952
840040000539
860534086155261
860534086640486
860534087542582
860548074484947
860698079480943
860786082136022
861260081088468
861950072519774
861950072535226
86195070529825
862136074435040
862315083031764
862315087076260
862505072816619
862795081570725
862813070179174
863573082363500
863573083678542
863573084082744
8638440867199603
863911086287848
863911087323881
864093078872249
864280082529028
864280086544668
864280087011840
864280089992609
864509082904843
865292085328620
865292085370085
865292088798209
865292089040460
865292089717067
865293081783289
865532083172607
865716081697042
866132083268783
866132085655102
866132086776923
866509086604223
866839081675401
867520084645802
867754088428267
868311089900940
869009086978906
869471081096821
869471081130380
869471083013626
869471083132525
9
929
935
96917
97577
977
979
99
995
