354977708767778
351668140730168
FCYK60J9ML
354289638327115
65577/W6PT05147
356371488105219
355835400444618
358206135981398
358388750991421
865292089040460
356054491176662
866132086776923
350278024027409
865293081783289
TL1973-BQ0009136
351807178569383
350230975538728
357769852580660
356649150793663
358264144532215
354289633583902
354661674485405
35724725890918
359652121886894
CQHPQG449Y
356102153998111
354300587089588
351264787086047
354248589657888
355365665236921
35986788108129
357173348275037
357650612874918
356964462417806
351771409088771
350496304995505
359285691157691
C4H610305UYQ8YQAU
352832408625648
357247257122859
355138329181332
862505072816619
350025974181243
TL1876-JP0086246
359896928035433
350418055419998
357205981616604
7111Y5YJ02338
355794428661143
866839081675401
353850628182660
359761973185063
351771409636900
353317874110720
358835899539206
359652120809905
359477633520876
353361737646116
354331121466651
65577/W6N400397
CTV20GVQFL
35 057241 297808 6
357590879692399
C4H6171017XQ8YQA9
351465642570501
352294449113888
359973613643894
357205989970540
356760684778276
864280087011840
357247252989922
352574675400509
860786082136022
357234294533959
352824563558946
35112102108566
353869220959541
35 549693 269452 5
862315087076260
356744605708190
352574675156523
C4H61040G83Q8YQA3
H4719R9MG2
TL1973-BQ009163
351205581240124
35 336173 764611 6 
352574671693388
355536442174276
H9K6QY9X17
35 759087 501528 0
863911086287848
356427673422437
354289632214376
35928569296526
358245524573077
355445520114743
352834111876179
355138326274957
352638936490615
359069332647611
JBLB00MB0X3BLKBR
357950903092463
355225774481521
355225779897630
C4H6103005UYQ8YQAU
C4H6123284GQ8YQAZ
356703857557028
M4C404M6R6
358835897106321
352824562111135
MFXJ4LL/A
54001278899018
352574671892816
354155259200412
351682570296095
352001999333984
358835898948200
359014536509969
355794422126853
J9JJP7WP9G
350344891468322
356371484863977
869471083013626
351750724879288
359652126213217
K76LHCP7F
356243696858256
357650618525795
35 223685266352 9 
351592243452233
TL1878-LP0013380
355067542462973
65520/W5Z501219
353060104205916
359551273163864
354078643177411
359178376352762
359477633542185
355225777788922
358543582779606
353763614060768
74909/F6QV01625
358434709486764
867520084645802
354542503453857
355706423711715
35088986579925
861260081088468
353267568818502
K42L7RHF4J
350230973236911
KF97P7XLWD
359372358367985
356177152787459
H7DR2GQ4ND
355300182456355
352310725732009
354276357875838
355989444640671
354403794418663
L3CRQLVC2F
863573084082744
357275796919659
359912580728338
355225773551647
356752983703204
357247257995858
TVQLEDP7KTCL
351668142526739
R5GL343H0BP
353048093488114
355101477277286
355262962390305
355225779424203
356041406297774
86195070529825
359652122041986
J4JVW5XVJV
352114954343441
351713518508703
TL1973-BQ0009594
358619228350786
HGY4F5FC96
C4H61720C63Q8YQAU
350552896576341
356942573789859
359222380985702
354196713272654
353864164761936
351205745375915
TL1876-JP0086240
861950072535226
355138328377576
353497859462096
356052832405030
359817430962252
C4H617101G8Q8YQA5
356697786132668
862795081570725
353407733508683
35120574793779
354278704607005
DHYGFK76Q2
357014741019624
35615721609444
860548074484947
357177506679088
355515607895768
35 610215 399811 1 
356004167522577
354679846995259
869471081096821
358206130759880
352574676009796
69385/65ZH01514
359372358546422
864280089992609
350272672458453
357247256875010
354996269680378
355101479323146
354210975025310
355101476201071
358736464505640
356814118803398
352586507807406
869009086978906
35 944796 133643 5
353361731078373
355939491184461
867754088428267
350923388804337
353074114042706
869471083132525
355300185671927
R5GL33TWGS
352001997459930
357977669432302
357247253990986
350230970121553
865716081697042
351205747937779
357247257477469
350572412978086
350671525377135
351465644827966
352001995775691
355611223279998
353967811367765
351330881416677
351339860509485
352033763715583
353665909220967
355777918114145
G79XRVF52R
351596240328544
69374/65YT14295
352229491749619
356964467452295
354956977489959
353360940717383
356964465740436
351205742681323
357061220988803
356054492870941
357247251305757
864280086544668
358074296851614
H2P49XQY13
865292088798209
358637628310721
352824562544798
357329447819436
353640981930528
863573083678542
35 922238 936771 2
862315083031764
8638440867199603
353906102560167
357879437816990
35303611166370
358434702268268
358862620187345
352130217510063
359757420449029
J97T5Q77HRQ
356661406078476
357275797266613
352824562423886
356839674078168
359827481625484
353742532615895
356942572731144
357247257710968
861950072519774
355364280424731
CR2N7W25Q1
360236730466835
35308210166173
359330188973216
357773240801309
353484626443138
LVVK104JHQ
35166814756962 7
71114/Y5XS01610
359518870896865
359372359613163
354289633906715
862813070179174
J84HN004QLB0000539
359178370047483
357884596142865
356511211655440
355500350320222
351520705483289
351306992348280
357592315867213
351205740141759
355515605909702
351771405550451
357457921078326
358257930308303
359222380475605
357442883839907
35665253990372
357590872352405
357329447631468
351284081590783
D9XGF2JP9X
35 724725 764905 9
355989444523158
352991115545133
352923110862460
354324413603719
LC7KGJGWKT
351814335898119
357395865324357
353360948256186
R5GL34HOBP
352001998377479
354807376249710
354276355714955
350196694023757
LTC2HXQJRW
359652120714477
350019049630201
351668144729893
350059638923591
DKQV09VNQJ
351596246648317
356684163986301
357158819908414
HV4QK4YL20
35 9178371686834
350455774133336
358187610315940
352641353019966
354289632484698
358684525276241
357679991655465
356744602694336
352230462132793
356839676778476
JOK9N9RQM5
358264142105709
35 424858 965788 8 
350636590567381
355224258492153
356541623888990
351906511449970
357938436579106
65577/W6PT04947
252676520028144
357003196809944
358736463822764
350038441784457
350270052493330
35427870 460700 5
356342310956822
359178371686834
D23PC63DYY
357205981829942
358748638760753
35724725948533 8
352873836693105
D26WC4VMQP
358071245002083
860698079480943
353111887936779
352721817039972
353869220171228
V865532083172607
860534086640486
CYFWFHQWXC
860534087542582
863573082363500
351503402247645
352721813328486
355300181430419
358434708144554
368135794662306
357679992297861
353342880337604
DV2GQYL2VR
350230976530443
351503400050470
352116262845892
356864562003003
353687476380990
357247258909189
355496932694525
351205740164702
350278026556389
JYW40659KX
351101750253834
356752985194154
TL1973-BQ0009916
JGXY3W7HGG
356581108114007
359897655192066
356460904622673
356133317489721
355983889574156
351961171443417
353490929449011
355559516499759
351548866512357
CH07LGKN17
35634231095682
350247152428044
357463442372645
359370793687157
350552898007873
DMY20XLJ95
864509082904843
355958936427210
359973613029086
355988219255368
MD7P7G9W9D
35117477721195
D210DTQ9XH
354773167256449
358282722955921
352236852663529
860534086155261
353167663221083
352094671123856
350230979927422
7679993104397
866132085655102
35 696446 241780 6
355381840336221
358876629642191
TL1878-AQ0021235
71114/Y6PS00360
355067542298807
357247257649059
KXJL4WFK4P
356864569095853
FH20FMGHR2
356572103379228
356911420294546
358640380782129
357247256152923
35 088774 305165 4
3594
355989441325235
354903621734992
356295601102623
359893876795381
359178371574212
351668140692723
351895491457790
866509086604223
358691732646082
350408484865846
357247257803680
35717750667908
351006199740582
358434704613065
351205745798025
350230977615276
359652123329802
357247258431358
353739723292955
359481988717053
351101756151594
357457926697914
350367272380303
359652126214217
351668145588454
357247258811823
C6HX222JWYG
355123373512780
865292085328620
354289639953000
350689751889144
LLG9MVVVJ9
357590875015280
865292085370085
863911087323881
54210973599126
35 807124 500208 3
355820203650330
354440895786747
35142179914814
354807372557538
MTGXKDV9QX
355067542337324
357712761232320
L1FL9LNFH1
352703945001967
350839531594007
350169642018823
356041402342004
356484794319885
359867882327710
351253189953664
356146774825724
352824489625845
3501800048255
865292089717067
JTPYCFFWY4
355319547611678
mwyy9c3fq5
35.524665.496195-2
356815609092334
359178372863168
35270394 500196 7
353915106419593
864280082529028

868311089900940
351205748943701
354934250608587
358594363316795
CKGH9XQDXG
353763617375619
G23024PVDT
356758346462891
359973613777577
354570357307499
358245525252036
DY02NX9J6V
354934259500629
355101476809873
353967814106970
357205984783526
354347187764201
350577192598574
356827112692377
351596247157557
359222385905622
353938647328032
DV71MXVDQ7
351016090159006
352725357604046
353306207461637
355500351194584
351668147700842
359388532621543
351084399943637
C02G79MTQ6L7
866132083268783
353314497716249
354005106730246
358964582664046
352001996607349
35762631919678
356661403706855
862136074435040
352824462371275
24449537045774
3563088688131377
864093078872249
357397703170232
FP424P4PXH
358434708446124
356371481303415
355989445638435
355988219563654
35 820613 075988 0 
351698471567244
356599144317485
58035038
351668147569627
355138329035488
352726622496929
357247250248784
354276355652528
359178372430588
65577/W6PU00619
TL1937-BQ0009616
354256834755639
H64RQG50Y0
351205741900807
357879829564513
352051682197220
351786564816337
350264528248328
352574671224184
354570359750878
357247257394938
869471081130380
356308860291019
35568866635102
TL1876-CQ0217088
DGM6TN696L
35724725747746 9
357626319666955
357275791173971
350455778567174
MPNH609W5X
352615457839263
357920795494028
351895497858892
353237102003044
356964461952969
353484624594932
350552893601530
/DFD4FJ0J2Q
350249441757480
356682116877353
355500351356910
